Ku = 5.8;
L=3.39e-3;
R = 0.8;
Ktau = 0.056;
J = 3.88e-5;
b = -1.875e-5;